0 0.530208 0.371296 0.052083 0.048148
1 0.070573 0.187500 0.058854 0.052778
1 0.129427 0.187500 0.058854 0.052778
1 0.069531 0.266204 0.058854 0.052778
1 0.127865 0.267130 0.058854 0.052778
1 0.271615 0.187500 0.058854 0.052778
1 0.330469 0.189352 0.058854 0.052778
1 0.271094 0.267130 0.058854 0.052778
1 0.329948 0.267130 0.058854 0.052778
1 0.472135 0.188426 0.058854 0.052778
1 0.530469 0.189352 0.058854 0.052778
1 0.472135 0.268056 0.058854 0.052778
1 0.529948 0.268981 0.058854 0.052778
1 0.669531 0.192130 0.058854 0.052778
1 0.670052 0.268981 0.058854 0.052778
1 0.727865 0.192130 0.058854 0.052778
1 0.729427 0.268981 0.058854 0.052778
1 0.865365 0.192130 0.058854 0.052778
1 0.922656 0.191204 0.058854 0.052778
1 0.865365 0.268981 0.058854 0.052778
1 0.923177 0.269907 0.058854 0.052778
