1 0.078906 0.190278 0.048438 0.045370
1 0.078385 0.261574 0.048438 0.045370
1 0.189323 0.262500 0.048438 0.045370
1 0.189323 0.194907 0.048438 0.045370
1 0.238281 0.197685 0.048438 0.045370
1 0.237760 0.262500 0.048438 0.045370
1 0.352865 0.198611 0.048438 0.045370
1 0.351823 0.267130 0.048438 0.045370
1 0.401302 0.199537 0.048438 0.045370
1 0.402344 0.267130 0.048438 0.045370
1 0.516406 0.203241 0.048438 0.045370
1 0.515365 0.268056 0.048438 0.045370
1 0.564323 0.205093 0.048438 0.045370
1 0.564323 0.268056 0.048438 0.045370
1 0.675781 0.270833 0.048438 0.045370
1 0.676823 0.206944 0.048438 0.045370
1 0.725781 0.207870 0.048438 0.045370
1 0.725260 0.272685 0.048438 0.045370
1 0.835156 0.207870 0.048438 0.045370
1 0.885677 0.209722 0.048438 0.045370
1 0.883594 0.272685 0.048438 0.045370
1 0.835677 0.273611 0.048438 0.045370
