1 0.037240 0.177315 0.053646 0.050926
1 0.037760 0.253704 0.053646 0.050000
1 0.163802 0.182407 0.053646 0.050000
1 0.216927 0.183333 0.053646 0.050000
1 0.163802 0.257407 0.053646 0.050000
1 0.216927 0.257407 0.053646 0.050000
1 0.349219 0.187037 0.053646 0.050000
1 0.402865 0.189815 0.053646 0.050000
1 0.535677 0.193519 0.053646 0.050000
1 0.589844 0.194444 0.053646 0.050000
1 0.721094 0.198148 0.053646 0.050000
1 0.775260 0.199074 0.053646 0.050000
1 0.774740 0.275926 0.053646 0.050000
1 0.720052 0.275000 0.053646 0.050000
1 0.588281 0.269444 0.053646 0.050000
1 0.535156 0.268519 0.053646 0.050000
1 0.402344 0.263889 0.053646 0.050000
1 0.349740 0.262963 0.053646 0.050000
1 0.903385 0.204630 0.053646 0.050000
1 0.958073 0.204630 0.053646 0.050000
1 0.958594 0.280556 0.053646 0.050000
1 0.903385 0.279630 0.053646 0.050000
