0 0.581771 0.377315 0.047917 0.039815
1 0.041667 0.211111 0.052083 0.046296
1 0.041146 0.287037 0.052083 0.046296
1 0.165104 0.285185 0.052083 0.046296
1 0.165104 0.213889 0.052083 0.046296
1 0.217708 0.214815 0.052083 0.046296
1 0.218229 0.286111 0.052083 0.046296
1 0.346875 0.284259 0.052083 0.046296
1 0.345313 0.212963 0.052083 0.046296
1 0.398958 0.212037 0.052083 0.046296
1 0.398958 0.284259 0.052083 0.046296
1 0.527604 0.282407 0.052083 0.046296
1 0.527083 0.210185 0.052083 0.046296
1 0.580208 0.210185 0.052083 0.046296
1 0.580208 0.282407 0.052083 0.046296
1 0.708333 0.283333 0.052083 0.046296
1 0.707812 0.210185 0.052083 0.046296
1 0.760938 0.212037 0.052083 0.046296
1 0.761458 0.282407 0.052083 0.046296
1 0.885417 0.280556 0.052083 0.046296
1 0.885938 0.209259 0.052083 0.046296
1 0.939583 0.209259 0.052083 0.046296
1 0.939583 0.279630 0.052083 0.046296
