1 0.069271 0.187963 0.058333 0.051852
1 0.068229 0.266667 0.058333 0.051852
1 0.127083 0.267593 0.058333 0.051852
1 0.128646 0.189815 0.058333 0.051852
1 0.270833 0.189815 0.058333 0.051852
1 0.329688 0.189815 0.058333 0.051852
1 0.329688 0.265741 0.058333 0.051852
1 0.271875 0.265741 0.058333 0.051852
1 0.471875 0.188889 0.058333 0.051852
1 0.529167 0.188889 0.058333 0.051852
1 0.471875 0.265741 0.058333 0.051852
1 0.529687 0.268519 0.058333 0.051852
1 0.670833 0.268519 0.058333 0.051852
1 0.670833 0.190741 0.058333 0.051852
1 0.728646 0.190741 0.058333 0.051852
1 0.728646 0.268519 0.058333 0.051852
1 0.865625 0.268519 0.058333 0.051852
1 0.923958 0.268519 0.058333 0.051852
1 0.923958 0.191667 0.058333 0.051852
1 0.866667 0.190741 0.058333 0.051852
0 0.531250 0.374537 0.057292 0.054630
